      

   0    0    0    0    0    162  136  0    0    0     69    0     0     0     0     0     0     0     102   0     0     0     0     0     0     0     0     0     0     0     0     0     0     0     0     0     0     0     0     0     0     0     0     0     0     0     0     0     0    0     0     0     0     0     0     0     0     0     0     0     0     0     0     0     0     0     0     0     0     0     0     0     0     0     0     0     0     0     0     0     0     0     0     0     0     0     0     0     0     0     0     0     0     0     0     0     0      0     0     0   


   0    0    41   0    0    126  112  0    0    81    0     92    101   0     0     107   0     0     0     0     0     0     0     0     0     0     0     0     0     0     0     144   0     0     0     0     0     0     0     0     0     0     0     0     0     0     0     0     0    0     0     0     0     0     0     0     0     0     0     0     0     0     0     0     0     0     0     0     0     0     0     0     0     0     0     0     0     0     0     0     0     0     0     0     0     0     0     0     0     0     0     0     0     0     0     0     0      0     0     0   


   0    41   0    0    0    161  0    0    0    152   0     52    76    0     0     142   0     0     0     0     0     0     0     0     0     0     0     0     0     0     0     103   0     0     0     0     0     0     0     0     0     0     0     0     0     0     0     0     0    0     0     0     0     0     0     0     0     0     0     0     0     0     0     0     0     0     0     0     0     0     0     0     0     0     0     0     0     0     0     0     0     0     0     0     0     0     0     0     0     0     0     0     0     0     0     0     0      0     0     0   


   0    0    0    0    191  0    0    0    0    0     0     0     0     0     65    0     0     0     0     199   0     0     0     0     0     0     0     0     0     0     0     0     0     0     0     0     0     0     0     0     0     0     0     0     0     0     0     0     0    0     0     0     0     0     0     0     0     0     0     0     0     0     0     0     0     0     0     0     0     0     0     0     0     0     0     0     0     0     0     0     0     0     0     0     0     0     0     0     0     0     0     0     0     0     0     0     0      0     0     0   


   0    0    0    191  0    0    0    0    0    0     0     147   117   0     182   0     0     0     0     0     0     0     0     0     0     0     0     0     0     0     0     0     0     0     0     0     0     0     0     0     0     0     0     0     0     0     0     0     0    0     0     0     0     0     0     0     0     0     0     0     0     0     0     0     0     0     0     0     0     0     0     0     0     0     0     0     0     0     0     0     0     0     0     0     0     0     0     0     0     0     0     0     0     0     0     0     0      0     0     0   


   162  126  161  0    0    0    82   0    0    102   0     0     0     0     0     172   0     0     164   0     0     0     0     0     0     0     0     0     0     0     0     0     0     0     0     0     0     0     0     0     0     0     0     0     0     0     0     0     0    0     0     0     0     0     0     0     0     0     0     0     0     0     0     0     0     0     0     0     0     0     0     0     0     0     0     0     0     0     0     0     0     0     0     0     0     0     0     0     0     0     0     0     0     0     0     0     0      0     0     0   


   136  112  0    0    0    82   0    0    0    144   0     0     0     0     0     101   0     0     195   0     0     0     0     0     0     0     0     0     0     0     0     0     0     0     0     0     0     0     0     0     0     0     0     0     0     0     0     0     0    0     0     0     0     0     0     0     0     0     0     0     0     0     0     0     0     0     0     0     0     0     0     0     0     0     0     0     0     0     0     0     0     0     0     0     0     0     0     0     0     0     0     0     0     0     0     0     0      0     0     0   


   0    0    0    0    0    0    0    0    183  0     0     0     0     184   0     0     0     73    0     0     0     0     0     0     0     0     0     0     0     0     0     0     0     0     0     0     0     0     0     0     0     0     0     0     0     0     0     0     0    0     0     0     0     0     0     0     0     0     0     0     0     0     0     0     0     0     0     0     0     0     0     0     0     0     0     0     0     0     0     0     0     0     0     0     0     0     0     0     0     0     0     0     0     0     0     0     0      0     0     0   


   0    0    0    0    0    0    0    183  0    0     0     0     0     103   0     0     173   63    0     48    0     0     0     0     0     0     0     0     0     0     0     0     0     0     0     0     0     0     0     0     0     0     0     0     0     0     0     0     0    0     0     0     0     0     0     0     0     0     0     0     0     0     0     0     0     0     0     0     0     0     0     0     0     0     0     0     0     0     0     0     0     0     0     0     0     0     0     0     0     0     0     0     0     0     0     0     0      0     0     0   


   0    81   152  0    0    102  144  0    0    0     0     174   0     0     0     132   0     0     193   0     0     0     0     0     0     0     0     0     0     0     0     0     0     0     0     0     0     0     0     0     0     0     0     0     0     0     0     0     0    0     0     0     0     0     0     0     0     0     0     0     0     0     0     0     0     0     0     0     0     0     0     0     0     0     0     0     0     0     0     0     0     0     0     0     0     0     0     0     0     0     0     0     0     0     0     0     0      0     0     0   


   69   0    0    0    0    0    0    0    0    0     0     0     0     0     0     182   0     0     103   0     0     0     0     0     0     0     0     0     0     0     0     0     0     0     0     0     0     0     0     0     0     0     0     0     0     0     0     0     0    0     0     0     0     0     0     0     0     0     0     0     0     0     0     0     0     0     0     0     0     0     0     0     0     0     0     0     0     0     0     0     0     0     0     0     0     0     0     0     0     0     0     0     0     0     0     0     0      0     0     0   


   0    92   52   0    147  0    0    0    0    174   0     0     55    0     0     195   0     0     173   0     0     0     0     0     0     0     0     0     0     0     0     0     0     0     0     0     0     0     0     0     0     0     0     0     0     0     0     0     0    0     0     0     0     0     0     0     0     0     0     0     0     0     0     0     0     0     0     0     0     0     0     0     0     0     0     0     0     0     0     0     0     0     0     0     0     0     0     0     0     0     0     0     0     0     0     0     0      0     0     0   
   

   0    101  76   0    117  0    0    0    0    0     0     55    0     0     0     0     74    183   0     0     0     0     0     0     0     0     0     0     0     0     0     0     0     0     0     0     0     0     0     0     0     0     0     0     0     0     0     0     0    0     0     0     0     0     0     0     0     0     0     0     0     0     0     0     0     0     0     0     0     0     0     0     0     0     0     0     0     0     0     0     0     0     0     0     0     0     0     0     0     0     0     0     0     0     0     0     0      0     0     0   


   0    0    0    0    0    0    0    184  103  0     0     0     0     0     0     107   0     0     194   0     0     0     0     0     0     0     0     0     0     0     0     0     0     0     0     0     0     0     0     0     0     0     0     0     0     0     0     0     0    0     0     0     0     0     0     0     0     0     0     0     0     0     0     0     0     0     0     0     0     0     0     0     0     0     0     0     0     0     0     0     0     0     0     0     0     0     0     0     0     0     0     0     0     0     0     0     0      0     0     0   


   0    0    0    65   182  0    0    0    0    0     0     0     0     0     0     0     163   0     132   0     0     0     0     0     0     0     0     0     0     0     0     0     0     0     0     0     0     0     0     0     0     0     0     0     0     0     0     0     0    0     0     0     0     0     0     0     0     0     0     0     0     0     0     0     0     0     0     0     0     0     0     0     0     0     0     0     0     0     0     0     0     0     0     0     0     0     0     0     0     0     0     0     0     0     0     0     0      0     0     0   


   0    107  142  0    0    172  101  0    0    132   182   195   0     107   0     0     0     156   0     0     0     0     0     0     0     0     0     0     0     0     0     0     0     0     0     0     0     0     0     0     0     0     0     0     0     0     0     0     0    0     0     0     0     0     0     0     0     0     0     0     0     0     0     0     0     0     0     0     0     0     0     0     0     0     0     0     0     0     0     0     0     0     0     0     0     0     0     0     0     0     0     0     0     0     0     0     0      0     0     0   


   0    0    0    0    0    0    0    0    173  0     0     0     74   0     163    0     0     0     0     124   0     0     0     0     0     0     0     0     0     0     0     0     0     0     0     0     0     0     0     0     0     0     0     0     0     0     0     0     0    0     0     0     0     0     0     0     0     0     0     0     0     0     0     0     0     0     0     0     0     0     0     0     0     0     0     0     0     0     0     0     0     0     0     0     0     0     0     0     0     0     0     0     0     0     0     0     0      0     0     0   


   0    0    0    0    0    0    0    73   63   0     0     0     183   0     0     156   0     0     0     163   0     0     0     0     0     0     0     0     0     0     0     0     0     0     0     0     0     0     0     0     0     0     0     0     0     0     0     0     0    0     0     0     0     0     0     0     0     0     0     0     0     0     0     0     0     0     0     0     0     0     0     0     0     0     0     0     0     0     0     0     0     0     0     0     0     0     0     0     0     0     0     0     0     0     0     0     0      0     0     0   


   102  0    0    0    0    164  195  0    0    193   103   173   0     194   132   0     0     0     0     0     0     0     0     0     0     0     0     0     0     0     0     0     0     0     0     0     0     0     0     0     0     0     0     0     0     0     0     0     0    0     0     0     0     0     0     0     0     0     0     0     0     0     0     0     0     0     0     0     0     0     0     0     0     0     0     0     0     0     0     0     0     0     0     0     0     0     0     0     0     0     0     0     0     0     0     0     0      0     0     0   


   0    0    0    199  0    0    0    0    48   0     0     0     0     0     0     0     124   163   0     0     0     0     0     0     0     0     0     0     0     0     0     0     0     0     0     0     0     0     184   0     0     0     0     0     0     0     0     0     0    0     0     0     0     0     0     0     0     0     0     0     0     0     0     0     0     0     0     0     0     0     0     0     0     0     0     0     0     0     0     0     0     0     0     0     0     0     0     0     0     0     0     0     0     0     0     0     0      0     0     0   


   0    0    0    0    0    0    0    0    0    0     0     0     0     0     0     0     0     0     0     0     0     157   0     0     192   138  0      175   0     0     0     0     0     0     0     0     0     0     0     0     0     0     0     0     0     0     0     0     0    0     0     0     0     0     0     0     0     0     0     0     0     0     0     0     0     0     0     0     0     0     0     0     0     0     0     0     0     0     0     0     0     0     0     0     0     0     0     0     0     0     0     0     0     0     0     0     0      0     0     0   


   0    0    0    0    0    0    0    0    0    0     0     0     0     0     0     0     0     0     0     0     157   0     144   0     0     174   0     123   0     0     0     0     0     0     0     0     0     0     0     0     0     0     0     0     0     0     0     0     0    0     0     0     0     0     0     0     0     0     0     0     0     0     0     0     0     0     0     0     0     0     0     0     0     0     0     0     0     0     0     0     0     0     0     0     0     0     0     0     0     0     0     0     0     0     0     0     0      0     0     0   


   0    0    0    0    0    0    0    0    0    0     0     0     0     0     0     0     0     0     0     0     0     144   0     0     152   0     194   0     0     0     0     0     0     0     0     0     0     0     0     0     0     0     0     0     0     0     0     0     0    0     0     0     0     0     0     0     0     0     0     0     0     0     0     0     0     0     0     0     0     0     0     0     0     0     0     0     0     0     0     0     0     0     0     0     0     0     0     0     0     0     0     0     0     0     0     0     0      0     0     0   


   0    0    0    0    0    0    0    0    0    0     0     0     0     0     0     0     0     0     0     0     0     0     0     0     0     201   0     104   0     0     0     0     0     0     0     0     0     0     0     0     0     0     0     0     0     0     0     0     0    0     0     0     0     0     0     0     0     0     0     0     0     0     0     0     0     0     0     0     0     0     0     0     0     0     0     0     0     0     0     0     0     0     0     0     0     0     0     0     0     0     0     0     0     0     0     0     0      0     0     0   


   0    0    0    0    0    0    0    0    0    0     0     0     0     0     0     0     0     0     0     0     192   0     152   0     0     0     173   147   0     0     0     0     0     0     0     0     0     0     0     0     0     0     0     0     0     0     0     0     0    0     0     0     0     0     0     0     0     0     0     0     0     0     0     1689  0     0     0     0     0     0     0     0     0     0     0     0     0     0     0     0     0     0     0     0     0     0     0     0     0     0     0     0     0     0     0     0     0      0     0     0   


   0    0    0    0    0    0    0    0    0    0     0     0     0     0     0     0     0     0     0     0     138   174   0     201   0     0     161   142   0     0     0     0     0     0     0     0     0     0     0     0     0     0     0     0     0     0     0     0     0    0     0     0     0     0     0     0     0     0     0     0     0     0     0     0     0     0     0     0     0     0     0     0     0     0     0     0     0     0     0     0     0     0     0     0     0     0     0     0     0     0     0     0     0     0     0     0     0      0     0     0   


   0    0    0    0    0    0    0    0    0    0     0     0     0     0     0     0     0     0     0     0     0     0     194   0     173   161   0     0     0     0     0     0     0     0     0     0     0     0     0     0     0     0     0     0     0     0     0     0     0    0     0     0     0     0     0     0     0     0     0     0     0     0     0     0     0     0     0     0     0     0     0     0     0     0     0     0     0     0     0     0     0     0     0     0     0     0     0     0     0     0     0     0     0     0     0     0     0      0     0     0   


   0    0    0    0    0    0    0    0    0    0     0     0     0     0     0     0     0     0     0     0     175   123   0     104   147   142   0     0     0     0     0     0     0     0     0     0     0     0     0     0     0     0     0     0     0     0     0     0     0    0     0     0     0     0     0     0     0     0     0     0     0     0     0     0     0     0     0     0     0     0     0     0     0     0     0     0     0     0     0     0     0     0     0     0     0     0     0     0     0     0     0     0     0     0     0     0     0      0     0     0   


   0    0    0    0    0    0    0    0    0    0     0     0     0     0     0     0     0     0     0     0     0     0     0     0     0     0     0     0     0     172   0     193   168   0     172   0     0     159   0     0     0     0     0     0     0     0     0     0     0    0     0     0     0     0     0     0     0     0     0     0     0     0     0     0     0     0     0     0     0     0     0     0     0     0     0     0     0     0     0     0     0     0     0     0     0     0     0     0     0     0     0     0     0     0     0     0     0      0     0     0   


   0    0    0    0    0    0    0    0    0    0     0     0     0     0     0     0     0     0     0     0     0     0     0     0     0     0     0     0     172   0     143   184   0     0     194   0     124   0     0     0     0     0     0     0     0     0     0     0     0    0     0     0     0     0     0     0     0     0     0     0     0     0     0     0     0     0     0     0     0     0     0     0     0     0     0     0     0     0     0     0     0     0     0     0     0     0     0     0     0     0     0     0     0     0     0     0     0      0     0     0   


   0    0    0    0    0    0    0    0    0    0     0     0     0     0     0     0     0     0     0     0     0     0     0     0     0     0     0     0     0     143   0     0     171   151   0     201   0     137   0     0     0     0     0     0     0     0     0     0     0    0     0     0     0     0     0     0     0     0     0     0     0     0     0     0     0     0     0     0     0     0     0     0     0     0     0     0     0     0     0     0     0     0     0     0     0     0     0     0     0     0     0     0     0     0     0     0     0      0     0     0   


   0    144  103  0    0    0    0    0    0    0     0     0     0     0     0     0     0     0     0     0     0     0     0     0     0     0     0     0     193   184   0     0     0     0     161   128   0     139   0     0     0     0     0     0     0     0     0     0     0    0     0     0     0     0     0     0     0     0     0     0     0     0     0     0     0     0     0     0     0     0     0     0     0     0     0     0     0     0     0     0     0     0     0     0     0     0     0     0     0     0     0     0     0     0     0     0     0      0     0     0   


   0    0    0    0    0    0    0    0    0    0     0     0     0     0     0     0     0     0     0     0     0     0     0     0     0     0     0     0     168   0     171   0     0     0     104   0     119   0     0     0     0     0     0     0     0     0     0     0     0    0     0     0     0     0     0     0     835   0     0     0     0     0     0     0     0     0     0     0     0     0     0     0     0     0     0     0     0     0     0     0     0     0     0     0     0     0     0     0     0     0     0     0     0     0     0     0     0      0     0     0   


   0    0    0    0    0    0    0    0    0    0     0     0     0     0     0     0     0     0     0     0     0     0     0     0     0     0     0     0     0     0     151   0     0     0     0     152   0     176   0     0     0     0     0     0     0     0     0     0     0    0     0     0     0     0     0     0     0     0     0     0     0     0     0     0     0     0     0     0     0     0     0     0     0     0     0     0     0     0     0     0     0     0     0     0     0     0     0     0     0     0     0     0     0     0     0     0     0      0     0     0   


   0    0    0    0    0    0    0    0    0    0     0     0     0     0     0     0     0     0     0     0     0     0     0     0     0     0     0     0     172  194    0    161    104   0     0     0     146   0     0     0     0     0     0     0     0     0     0     0     0    0     0     0     0     0     0     0     0     0     0     0     0     0     0     0     0     0     0     0     0     0     0     0     0     0     0     0     0     0     0     0     0     0     0     0     0     0     0     0     0     0     0     0     0     0     0     0     0      0     0     0   


   0    0    0    0    0    0    0    0    0    0     0     0     0     0     0     0     0     0     0     0     0     0     0     0     0     0     0     0     0     0     201   128   0     152   0     0     0     131   0     0     0     0     0     0     0     0     0     0     0    0     0     0     0     0     0     0     0     0     0     0     0     0     0     0     0     0     0     0     0     0     0     0     0     0     0     0     0     0     0     0     0     0     0     0     0     0     0     0     0     0     0     0     0     0     0     0     0      0     0     0   


   0    0    0    0    0    0    0    0    0    0     0     0     0     0     0     0     0     0     0     0     0     0     0     0     0     0     0     0     0     124   0     0     119   0     146   0     0     183   0     0     0     0     0     0     0     0     0     0     0    0     0     0     0     0     0     0     0     0     0     0     0     0     0     0     0     0     0     0     0     0     0     0     0     0     0     0     0     0     0     0     0     0     0     0     0     0     0     0     0     0     0     0     0     0     0     0     0      0     0     0   


   0    0    0    0    0    0    0    0    0    0     0     0     0     0     0     0     0     0     0     0     0     0     0     0     0     0     0     0     159   0     137   139   0     176   0     131   183   0     0     0     0     0     0     0     0     0     0     0     0    0     0     0     0     0     0     0     0     0     0     0     0     0     0     0     0     0     0     0     0     0     0     0     0     0     0     0     0     0     0     0     0     0     0     0     0     0     0     0     0     0     0     0     0     0     0     0     0      0     0     0   


   0    0    0    0    0    0    0    0    0    0     0     0     0     0     0     0     0     0     0     184   0     0     0     0     0     0     0     0     0     0     0     0     0     0     0     0     0     0     0     164   0     192   109   0     0     172   0     162   125  0     150   0     116   0     0     0     0     0     682   0     0     0     0     0     0     0     0     0     0     0     0     0     0     0     0     0     0     0     0     0     0     0     0     0     0     0     0     0     0     0     0     0     0     0     0     0     0      0     0     0   


   0    0    0    0    0    0    0    0    0    0     0     0     0     0     0     0     0     0     0     0     0     0     0     0     0     0     0     0     0     0     0     0     0     0     0     0     0     0     164   0     130   0     161   198   0     144   194   0     0    186   0     153   104   0     0     0     0     0     0     0     0     0     0     0     0     0     0     0     0     0     0     0     0     0     0     0     0     0     0     0     0     0     0     0     0     0     0     0     0     0     0     0     0     0     0     0     0      0     0     0   


   0    0    0    0    0    0    0    0    0    0     0     0     0     0     0     0     0     0     0     0     0     0     0     0     0     0     0     0     0     0     0     0     0     0     0     0     0     0     0     130   0     177   0     137   155   180   0     128   140  0     176   0     0     0     0     0     0     0     0     0     0     0     0     0     0     0     0     0     0     0     0     0     0     0     0     0     0     0     0     0     0     0     0     0     0     0     0     0     0     0     0     0     0     0     0     0     0      0     0     0   


   0    0    0    0    0    0    0    0    0    0     0     0     0     0     0     0     0     0     0     0     0     0     0     0     0     0     0     0     0     0     0     0     0     0     0     0     0     0     192   0     177   0     112   0     148   0     154   0     0    195   0     172   0     0     0     0     0     0     0     0     0     0     0     0     0     0     0     0     0     0     0     0     0     0     0     0     0     0     0     0     0     0     0     0     0     0     0     0     0     0     0     0     0     0     0     0     0      0     0     0   


   0    0    0    0    0    0    0    0    0    0     0     0     0     0     0     0     0     0     0     0     0     0     0     0     0     0     0     0     0     0     0     0     0     0     0     0     0     0     109   161   0     112   0     157   0     142   191   106   0    0     179   0     121   0     0     0     0     0     0     0     0     0     0     0     0     0     0     0     0     0     0     0     0     0     0     0     0     0     0     0     0     0     0     0     0     0     0     0     0     0     0     0     0     0     0     0     0      0     0     0   


   0    0    0    0    0    0    0    0    0    0     0     0     0     0     0     0     0     0     0     0     0     0     0     0     0     0     0     0     0     0     0     0     0     0     0     0     0     0     0     198   137   0     157   0     132   0     0     154   136  0     102   119   0     0     0     0     0     0     0     0     0     0     0     0     0     0     0     0     0     0     0     0     0     0     0     0     0     0     0     0     0     0     0     0     0     0     0     0     0     0     0     0     0     0     0     0     0      0     0     0   


   0    0    0    0    0    0    0    0    0    0     0     0     0     0     0     0     0     0     0     0     0     0     0     0     0     0     0     0     0     0     0     0     0     0     0     0     0     0     0     0     155   148   0     132   0     173   203   0     0    216   0     0     122   0     0     0     0     0     0     0     0     0     0     0     0     0     0     0     0     0     0     0     0     0     0     0     0     0     0     0     0     0     0     0     0     0     0     0     0     0     0     0     0     0     0     0     0      0     0     0   


   0    0    0    0    0    0    0    0    0    0     0     0     0     0     0     0     0     0     0     0     0     0     0     0     0     0     0     0     0     0     0     0     0     0     0     0     0     0     172   144   180   0     142   0     173   0     0     182   135  0     172   133   0     0     0     0     0     0     0     0     0     0     0     0     0     0     0     0     0     0     0     0     0     0     0     0     0     0     0     0     0     0     0     0     0     0     0     0     0     0     0     0     0     0     0     0     0      0     0     0   


   0    0    0    0    0    0    0    0    0    0     0     0     0     0     0     0     0     0     0     0     0     0     0     0     0     0     0     0     0     0     0     0     0     0     0     0     0     0     0     194   0     154   191   0     203   0     0     0     0    93    105   0     184   0     0     0     0     0     0     0     0     0     0     0     0     0     0     0     0     0     0     0     0     0     0     0     0     0     0     0     0     0     0     0     0     0     0     0     0     0     0     0     0     0     0     0     0      0     0     0   


   0    0    0    0    0    0    0    0    0    0     0     0     0     0     0     0     0     0     0     0     0     0     0     0     0     0     0     0     0     0     0     0     0     0     0     0     0     0     162   0     128   0     106   154   0     182   0     0     169  0     0     149   0     0     0     0     0     0     0     0     0     0     0     0     0     0     0     0     0     0     0     0     0     0     0     0     0     0     0     0     0     0     0     0     0     0     0     0     0     0     0     0     0     0     0     0     0      0     0     0   


   0    0    0    0    0    0    0    0    0    0     0     0     0     0     0     0     0     0     0     0     0     0     0     0     0     0     0     0     0     0     0     0     0     0     0     0     0     0     125   0     140   0     0     136   0     135   0     169   0    125   181   0     96    0     0     0     0     0     0     0     0     0     0     0     0     0     0     0     0     0     0     0     0     0     0     0     0     0     0     0     0     0     0     0     0     0     0     0     0     0     0     0     0     0     0     0     0      0     0     0   


   0    0    0    0    0    0    0    0    0    0     0     0     0     0     0     0     0     0     0     0     0     0     0     0     0     0     0     0     0     0     0     0     0     0     0     0     0     0     0     186   0     195   0     0     216   0     93    0     125  0     0     224   0     0     0     0     0     0     0     0     0     0     0     0     0     0     0     0     0     0     0     0     0     0     0     0     0     0     0     0     0     0     0     0     0     0     0     0     0     0     0     0     0     0     0     0     0      0     0     0   


   0    0    0    0    0    0    0    0    0    0     0     0     0     0     0     0     0     0     0     0     0     0     0     0     0     0     0     0     0     0     0     0     0     0     0     0     0     0     150   0     176   0     179   102   0     172   105   0     181  0     0     0     149   0     0     0     0     0     0     0     0     0     0     0     0     0     0     0     0     0     0     0     0     0     0     0     0     0     0     0     0     0     0     0     0     0     0     0     0     0     0     0     0     0     0     0     0      0     157   0   


   0    0    0    0    0    0    0    0    0    0     0     0     0     0     0     0     0     0     0     0     0     0     0     0     0     0     0     0     0     0     0     0     0     0     0     0     0     0     0     153   0     172   0     119   0     133   0     149   0    244   0     0     84    0     0     0     0     0     0     0     0     0     0     0     0     0     0     0     0     0     0     0     0     0     0     0     0     0     0     0     0     0     0     0     0     0     0     0     0     0     0     0     0     0     0     0     0      0     0     0   


   0    0    0    0    0    0    0    0    0    0     0     0     0     0     0     0     0     0     0     0     0     0     0     0     0     0     0     0     0     0     0     0     0     0     0     0     0     0     116   104   0     0     121   0     122   0     184   0     96   0     149   84    0     0     0     0     0     0     0     0     0     0     0     0     0     0     0     0     0     0     0     0     0     0     0     0     0     0     0     0     0     0     0     0     0     0     0     0     0     0     0     0     0     0     0     0     0      0     0     0   


   0    0    0    0    0    0    0    0    0    0     0     0     0     0     0     0     0     0     0     0     0     0     0     0     0     0     0     0     0     0     0     0     0     0     0     0     0     0     0     0     0     0     0     0     0     0     0     0     0    0     0     0     0     0     127   0     163   182   191   0     0     0     0     0     0     0     0     0     0     0     0     0     0     0     0     0     0     0     0     0     0     0     0     0     0     0     0     0     0     0     0     0     0     0     0     0     0      0     0     0   


   0    0    0    0    0    0    0    0    0    0     0     0     0     0     0     0     0     0     0     0     0     0     0     0     0     0     0     0     0     0     0     0     0     0     0     0     0     0     0     0     0     0     0     0     0     0     0     0     0    0     0     0     0     127   0     154   101   0     0     138   0     0     0     0     0     0     0     0     0     0     0     0     0     0     0     0     0     0     0     0     0     0     0     0     0     0     0     0     0     0     0     0     0     0     0     0     0      0     0     0   


   0    0    0    0    0    0    0    0    0    0     0     0     0     0     0     0     0     0     0     0     0     0     0     0     0     0     0     0     0     0     0     0     0     0     0     0     0     0     0     0     0     0     0     0     0     0     0     0     0    0     0     0     0     0     154   0     123   194   144   0     0     0     0     0     0     0     0     0     0     0     0     0     0     0     0     0     0     0     0     0     0     0     0     0     0     0     0     0     0     0     0     0     0     0     0     0     0      0     0     0   


   0    0    0    0    0    0    0    0    0    0     0     0     0     0     0     0     0     0     0     0     0     0     0     0     0     0     0     0     0     0     0     0     835   0     0     0     0     0     0     0     0     0     0     0     0     0     0     0     0    0     0     0     0     163   101   123   0     0     0     116   0     0     0     0     0     0     0     0     0     0     0     0     0     0     0     0     0     0     0     0     0     0     0     0     0     0     0     0     0     0     0     0     0     0     0     0     0      0     0     0   


   0    0    0    0    0    0    0    0    0    0     0     0     0     0     0     0     0     0     0     0     0     0     0     0     0     0     0     0     0     0     0     0     0     0     0     0     0     0     0     0     0     0     0     0     0     0     0     0     0    0     0     0     0     182   0     194   0     0     172   0     0     0     0     0     0     0     0     0     0     0     0     0     0     0     0     0     0     0     0     0     0     0     0     0     0     0     0     0     0     0     0     0     0     0     0     0     0      0     0     0   


   0    0    0    0    0    0    0    0    0    0     0     0     0     0     0     0     0     0     0     0     0     0     0     0     0     0     0     0     0     0     0     0     0     0     0     0     0     0     682   0     0     0     0     0     0     0     0     0     0    0     0     0     0     191   0     144   0     172   0     151   0     0     0     0     0     0     0     0     0     0     0     0     0     0     0     0     0     0     0     0     0     0     0     0     0     0     0     0     0     0     0     0     0     0     0     0     0      0     0     0   


   0    0    0    0    0    0    0    0    0    0     0     0     0     0     0     0     0     0     0     0     0     0     0     0     0     0     0     0     0     0     0     0     0     0     0     0     0     0     0     0     0     0     0     0     0     0     0     0     0    0     0     0     0     0     138   0     116   0     151   0     0     0     0     0     0     0     0     0     0     0     0     0     0     0     0     0     0     0     0     0     0     0     0     0     0     0     0     0     0     0     0     0     0     0     0     0     0      0     0     0   


   0    0    0    0    0    0    0    0    0    0     0     0     0     0     0     0     0     0     0     0     0     0     0     0     0     0     0     0     0     0     0     0     0     0     0     0     0     0     0     0     0     0     0     0     0     0     0     0     0    0     0     0     0     0     0     0     0     0     0     0     0     134   0     174   129   0     0     193   0     103   166   0     0     0     194   0     0     137   0     0     0     0     0     0     0     0     0     0     0     0     0     0     0     0     0     0     0      0     0     0   


   0    0    0    0    0    0    0    0    0    0     0     0     0     0     0     0     0     0     0     0     0     0     0     0     0     0     0     0     0     0     0     0     0     0     0     0     0     0     0     0     0     0     0     0     0     0     0     0     0    0     0     0     0     0     0     0     0     0     0     0     134   0     183   0     162   0     171   0     159   192   0     203   0     199   0     141   111   0     0     0     0     0     0     0     0     0     0     0     0     0     0     0     0     0     0     0     0      0     0     0   


   0    0    0    0    0    0    0    0    0    0     0     0     0     0     0     0     0     0     0     0     0     0     0     0     0     0     0     0     0     0     0     0     0     0     0     0     0     0     0     0     0     0     0     0     0     0     0     0     0    0     0     0     0     0     0     0     0     0     0     0     0     183   0     100   0     211   0     188   0     122   136   0     157   0     130   0     0     97    0     0     0     0     0     0     0     0     0     0     0     0     0     0     0     0     0     0     0      0     0     0   


   0    0    0    0    0    0    0    0    0    0     0     0     0     0     0     0     0     0     0     0     0     0     0     0     1689  0     0     0     0     0     0     0     0     0     0     0     0     0     0     0     0     0     0     0     0     0     0     0     0    0     0     0     0     0     0     0     0     0     0     0     174   0     100   0     83    0     109   0     209   0     0     132   0     171   0     150   191   0     0     0     0     0     0     0     0     0     0     0     0     0     0     0     0     0     0     0     0      0     0     0   


   0    0    0    0    0    0    0    0    0    0     0     0     0     0     0     0     0     0     0     0     0     0     0     0     0     0     0     0     0     0     0     0     0     0     0     0     0     0     0     0     0     0     0     0     0     0     0     0     0    0     0     0     0     0     0     0     0     0     0     0     129   162   0     83    0     128   0     116   166   196   0     0     163   0     0     0     0     152   0     0     0     0     0     0     0     0     0     0     0     0     0     0     0     0     0     0     0      0     0     0   


   0    0    0    0    0    0    0    0    0    0     0     0     0     0     0     0     0     0     0     0     0     0     0     0     0     0     0     0     0     0     0     0     0     0     0     0     0     0     0     0     0     0     0     0     0     0     0     0     0    0     0     0     0     0     0     0     0     0     0     0     0     0     211   0     128   0     106   0     202   0     171   0     0     145   104   0     146   0     0     0     0     0     0     0     0     0     0     0     0     0     0     0     0     0     0     0     0      0     0     0   


   0    0    0    0    0    0    0    0    0    0     0     0     0     0     0     0     0     0     0     0     0     0     0     0     0     0     0     0     0     0     0     0     0     0     0     0     0     0     0     0     0     0     0     0     0     0     0     0     0    0     0     0     0     0     0     0     0     0     0     0     0     171   0     109   0     106   0     0     126   129   182   0     192   0     0     157   0     105   0     0     0     0     0     0     0     0     0     0     0     0     0     0     0     0     0     0     0      0     0     0   


   0    0    0    0    0    0    0    0    0    0     0     0     0     0     0     0     0     0     0     0     0     0     0     0     0     0     0     0     0     0     0     0     0     0     0     0     0     0     0     0     0     0     0     0     0     0     0     0     0    0     0     0     0     0     0     0     0     0     0     0     193   0     188   0     116   0     0     0     163   143   0     168   0     152   177   0     132   0     0     0     0     0     0     0     0     0     0     0     0     0     0     0     0     0     0     0     0      0     0     0   


   0    0    0    0    0    0    0    0    0    0     0     0     0     0     0     0     0     0     0     0     0     0     0     0     0     0     0     0     0     0     0     0     0     0     0     0     0     0     0     0     0     0     0     0     0     0     0     0     0    0     0     0     0     0     0     0     0     0     0     0     0     159   0     209   166   202   126   0     0     0     186   0     156   0     0     0     0     191   0     0     0     0     0     0     0     0     0     0     0     0     0     0     0     0     0     0     0      0     0     0   


   0    0    0    0    0    0    0    0    0    0     0     0     0     0     0     0     0     0     0     0     0     0     0     0     0     0     0     0     0     0     0     0     0     0     0     0     0     0     0     0     0     0     0     0     0     0     0     0     0    0     0     0     0     0     0     0     0     0     0     0     103   192   122   0     196   0     129   143   0     0     0     122   0     156   161   175   0     0     0     0     0     0     0     0     0     0     0     0     0     0     0     0     0     0     0     0     0      0     0     0   


   0    0    0    0    0    0    0    0    0    0     0     0     0     0     0     0     0     0     0     0     0     0     0     0     0     0     0     0     0     0     0     0     0     0     0     0     0     0     0     0     0     0     0     0     0     0     0     0     0    0     0     0     0     0     0     0     0     0     0     0     166   0     136   0     0     171   182   0     186   0     0     152   123   0     0     0     99    106   0     0     0     0     0     0     0     0     0     0     0     0     0     0     0     0     0     0     0      0     0     0   


   0    0    0    0    0    0    0    0    0    0     0     0     0     0     0     0     0     0     0     0     0     0     0     0     0     0     0     0     0     0     0     0     0     0     0     0     0     0     0     0     0     0     0     0     0     0     0     0     0    0     0     0     0     0     0     0     0     0     0     0     0     203   0     132   0     0     0     168   0     122   152   0     113   183   0     0     0     0     0     0     0     0     0     0     0     0     0     0     0     0     0     0     0     0     0     0     0      0     0     0   


   0    0    0    0    0    0    0    0    0    0     0     0     0     0     0     0     0     0     0     0     0     0     0     0     0     0     0     0     0     0     0     0     0     0     0     0     0     0     0     0     0     0     0     0     0     0     0     0     0    0     0     0     0     0     0     0     0     0     0     0     0     0     157   0     163   0     192   0     156   0     123   113   0     204   0     135   0     175   0     0     0     0     0     0     0     0     0     0     0     0     0     0     0     0     0     0     0      0     0     0   


   0    0    0    0    0    0    0    0    0    0     0     0     0     0     0     0     0     0     0     0     0     0     0     0     0     0     0     0     0     0     0     0     0     0     0     0     0     0     0     0     0     0     0     0     0     0     0     0     0    0     0     0     0     0     0     0     0     0     0     0     0     199   0     171   0     145   0     152   0     156   0     183   204   0     0     0     167   0     0     0     0     0     0     0     0     0     0     0     0     0     0     0     0     0     0     0     0      0     0     258   


   0    0    0    0    0    0    0    0    0    0     0     0     0     0     0     0     0     0     0     0     0     0     0     0     0     0     0     0     0     0     0     0     0     0     0     0     0     0     0     0     0     0     0     0     0     0     0     0     0    0     0     0     0     0     0     0     0     0     0     0     194   0     130   0     0     104   0     177   0     161   0     0     0     0     0     182   0     186   0     0     0     0     0     0     0     0     0     0     0     0     0     0     0     0     0     0     0      0     0     0   


   0    0    0    0    0    0    0    0    0    0     0     0     0     0     0     0     0     0     0     0     0     0     0     0     0     0     0     0     0     0     0     0     0     0     0     0     0     0     0     0     0     0     0     0     0     0     0     0     0    0     0     0     0     0     0     0     0     0     0     0     0     141   0     150   0     0     157   0     0     175   0     0     135   0     182   0     0     0     0     0     0     0     0     0     0     0     0     0     0     0     0     0     0     0     0     0     0      0     0     0   


   0    0    0    0    0    0    0    0    0    0     0     0     0     0     0     0     0     0     0     0     0     0     0     0     0     0     0     0     0     0     0     0     0     0     0     0     0     0     0     0     0     0     0     0     0     0     0     0     0    0     0     0     0     0     0     0     0     0     0     0     0     111   0     191   0     146   0     132   0     0     99    0     0     167   0     0     0     101   0     0     0     0     0     0     0     0     0     0     0     0     0     0     0     0     0     0     0      0     0     0   


   0    0    0    0    0    0    0    0    0    0     0     0     0     0     0     0     0     0     0     0     0     0     0     0     0     0     0     0     0     0     0     0     0     0     0     0     0     0     0     0     0     0     0     0     0     0     0     0     0    0     0     0     0     0     0     0     0     0     0     0     137   0     97    0     152   0     105   0     191   0     106   0     175   0     186   0     101   0     0     0     0     0     0     0     0     0     0     0     0     0     0     0     0     0     0     0     0      0     0     0   


   0    0    0    0    0    0    0    0    0    0     0     0     0     0     0     0     0     0     0     0     0     0     0     0     0     0     0     0     0     0     0     0     0     0     0     0     0     0     0     0     0     0     0     0     0     0     0     0     0    0     0     0     0     0     0     0     0     0     0     0     0     0     0     0     0     0     0     0     0     0     0     0     0     0     0     0     0     0     0     126   0     0     211   256   0     0     0     174   0     189   0     0     0     0     0     106   0      0     0     0   


   0    0    0    0    0    0    0    0    0    0     0     0     0     0     0     0     0     0     0     0     0     0     0     0     0     0     0     0     0     0     0     0     0     0     0     0     0     0     0     0     0     0     0     0     0     0     0     0     0    0     0     0     0     0     0     0     0     0     0     0     0     0     0     0     0     0     0     0     0     0     0     0     0     0     0     0     0     0     126   0     152   0     0     181   0     111   0     0     0     0     0     0     172   0     0     0     0      190   0     0   


   0    0    0    0    0    0    0    0    0    0     0     0     0     0     0     0     0     0     0     0     0     0     0     0     0     0     0     0     0     0     0     0     0     0     0     0     0     0     0     0     0     0     0     0     0     0     0     0     0    0     0     0     0     0     0     0     0     0     0     0     0     0     0     0     0     0     0     0     0     0     0     0     0     0     0     0     0     0     0     152   0     0     173   0     128   0     0     0     223   0     0     92    0     0     198   0     0      0     0     107   


   0    0    0    0    0    0    0    0    0    0     0     0     0     0     0     0     0     0     0     0     0     0     0     0     0     0     0     0     0     0     0     0     0     0     0     0     0     0     0     0     0     0     0     0     0     0     0     0     0    0     0     0     0     0     0     0     0     0     0     0     0     0     0     0     0     0     0     0     0     0     0     0     0     0     0     0     0     0     0     0     0     0     136   0     0     0     205   164   0     0     153   0     188   0     0     0     191    0     141   0   


   0    0    0    0    0    0    0    0    0    0     0     0     0     0     0     0     0     0     0     0     0     0     0     0     0     0     0     0     0     0     0     0     0     0     0     0     0     0     0     0     0     0     0     0     0     0     0     0     0    0     0     0     0     0     0     0     0     0     0     0     0     0     0     0     0     0     0     0     0     0     0     0     0     0     0     0     0     0     211   0     173   136   0     113   0     129   0     0     0     171   0     192   0     101   0     0     0      0     162   0   


   0    0    0    0    0    0    0    0    0    0     0     0     0     0     0     0     0     0     0     0     0     0     0     0     0     0     0     0     0     0     0     0     0     0     0     0     0     0     0     0     0     0     0     0     0     0     0     0     0    0     0     0     0     0     0     0     0     0     0     0     0     0     0     0     0     0     0     0     0     0     0     0     0     0     0     0     0     0     256   181   0     0     113   0     184   0     0     0     209   0     0     0     0     0     0     253   0      0     0     144   


   0    0    0    0    0    0    0    0    0    0     0     0     0     0     0     0     0     0     0     0     0     0     0     0     0     0     0     0     0     0     0     0     0     0     0     0     0     0     0     0     0     0     0     0     0     0     0     0     0    0     0     0     0     0     0     0     0     0     0     0     0     0     0     0     0     0     0     0     0     0     0     0     0     0     0     0     0     0     0     0     128   0     0     184   0     0     0     216   0     0     115   0     0     0     0     0     0      173   0     0   


   0    0    0    0    0    0    0    0    0    0     0     0     0     0     0     0     0     0     0     0     0     0     0     0     0     0     0     0     0     0     0     0     0     0     0     0     0     0     0     0     0     0     0     0     0     0     0     0     0    0     0     0     0     0     0     0     0     0     0     0     0     0     0     0     0     0     0     0     0     0     0     0     0     0     0     0     0     0     0     111   0     0     129   0     0     0     152   0     186   0     0     0     164   148   0     0     170   0     214    0   


   0    0    0    0    0    0    0    0    0    0     0     0     0     0     0     0     0     0     0     0     0     0     0     0     0     0     0     0     0     0     0     0     0     0     0     0     0     0     0     0     0     0     0     0     0     0     0     0     0    0     0     0     0     0     0     0     0     0     0     0     0     0     0     0     0     0     0     0     0     0     0     0     0     0     0     0     0     0     0     0     0     205   0     0     0     152   0     0     0     0     147   0     0     0     122   0     0     136    0     0   


   0    0    0    0    0    0    0    0    0    0     0     0     0     0     0     0     0     0     0     0     0     0     0     0     0     0     0     0     0     0     0     0     0     0     0     0     0     0     0     0     0     0     0     0     0     0     0     0     0    0     0     0     0     0     0     0     0     0     0     0     0     0     0     0     0     0     0     0     0     0     0     0     0     0     0     0     0     0     174   0     0     164   0     0     216   0     0     0     0     187   0     192   0     0     0     227   0      0     102   0   


   0    0    0    0    0    0    0    0    0    0     0     0     0     0     0     0     0     0     0     0     0     0     0     0     0     0     0     0     0     0     0     0     0     0     0     0     0     0     0     0     0     0     0     0     0     0     0     0     0    0     0     0     0     0     0     0     0     0     0     0     0     0     0     0     0     0     0     0     0     0     0     0     0     0     0     0     0     0     0     0     223   0     0     209   0     186   0     0     0     0     149   199   0     0     0     0     259    0     0     155   


   0    0    0    0    0    0    0    0    0    0     0     0     0     0     0     0     0     0     0     0     0     0     0     0     0     0     0     0     0     0     0     0     0     0     0     0     0     0     0     0     0     0     0     0     0     0     0     0     0    0     0     0     0     0     0     0     0     0     0     0     0     0     0     0     0     0     0     0     0     0     0     0     0     0     0     0     0     0     189   0     0     0     171   0     0     0     0     187   0     0     0     0     169   0     0     153   0      170   0     0   


   0    0    0    0    0    0    0    0    0    0     0     0     0     0     0     0     0     0     0     0     0     0     0     0     0     0     0     0     0     0     0     0     0     0     0     0     0     0     0     0     0     0     0     0     0     0     0     0     0    0     0     0     0     0     0     0     0     0     0     0     0     0     0     0     0     0     0     0     0     0     0     0     0     0     0     0     0     0     0     0     0     153   0     0     115   0     147   0     149   0     0     0     0     132   0     0     0      0     0     191   


   0    0    0    0    0    0    0    0    0    0     0     0     0     0     0     0     0     0     0     0     0     0     0     0     0     0     0     0     0     0     0     0     0     0     0     0     0     0     0     0     0     0     0     0     0     0     0     0     0    0     0     0     0     0     0     0     0     0     0     0     0     0     0     0     0     0     0     0     0     0     0     0     0     0     0     0     0     0     0     0     92    0     192   0     0     0     0     192   199   0     0     0     0     199   148   0     0      0     0     268   


   0    0    0    0    0    0    0    0    0    0     0     0     0     0     0     0     0     0     0     0     0     0     0     0     0     0     0     0     0     0     0     0     0     0     0     0     0     0     0     0     0     0     0     0     0     0     0     0     0    0     0     0     0     0     0     0     0     0     0     0     0     0     0     0     0     0     0     0     0     0     0     0     0     0     0     0     0     0     0     172   0     188   0     0     0     164   0     0     0     169   0     0     0     127   0     0     0      0     0     0   


   0    0    0    0    0    0    0    0    0    0     0     0     0     0     0     0     0     0     0     0     0     0     0     0     0     0     0     0     0     0     0     0     0     0     0     0     0     0     0     0     0     0     0     0     0     0     0     0     0    0     0     0     0     0     0     0     0     0     0     0     0     0     0     0     0     0     0     0     0     0     0     0     0     0     0     0     0     0     0     0     0     0     101   0     0     148   0     0     0     0     132   199   127   0     0     0     234    0     0     0   


   0    0    0    0    0    0    0    0    0    0     0     0     0     0     0     0     0     0     0     0     0     0     0     0     0     0     0     0     0     0     0     0     0     0     0     0     0     0     0     0     0     0     0     0     0     0     0     0     0    0     0     0     0     0     0     0     0     0     0     0     0     0     0     0     0     0     0     0     0     0     0     0     0     0     0     0     0     0     0     0     198   0     0     0     0     0     122   0     0     0     0     148   0     0     0     193   0      0     169   0   


   0    0    0    0    0    0    0    0    0    0     0     0     0     0     0     0     0     0     0     0     0     0     0     0     0     0     0     0     0     0     0     0     0     0     0     0     0     0     0     0     0     0     0     0     0     0     0     0     0    0     0     0     0     0     0     0     0     0     0     0     0     0     0     0     0     0     0     0     0     0     0     0     0     0     0     0     0     0     106   0     0     0     0     253   0     0     0     227   0     153   0     0     0     0     193   0     0      187   0     0   


   0    0    0    0    0    0    0    0    0    0     0     0     0     0     0     0     0     0     0     0     0     0     0     0     0     0     0     0     0     0     0     0     0     0     0     0     0     0     0     0     0     0     0     0     0     0     0     0     0    0     0     0     0     0     0     0     0     0     0     0     0     0     0     0     0     0     0     0     0     0     0     0     0     0     0     0     0     0     0     0     0     191   0     0     0     170   0     0     259   0     0     0     0     234   0     0     0      0     0     256   


   0    0    0    0    0    0    0    0    0    0     0     0     0     0     0     0     0     0     0     0     0     0     0     0     0     0     0     0     0     0     0     0     0     0     0     0     0     0     0     0     0     0     0     0     0     0     0     0     0    0     0     0     0     0     0     0     0     0     0     0     0     0     0     0     0     0     0     0     0     0     0     0     0     0     0     0     0     0     0     190   0     0     0     0     173   0     136   0     0     0     170   0     0     0     0     0     187    0     126   0   


   0    0    0    0    0    0    0    0    0    0     0     0     0     0     0     0     0     0     0     0     0     0     0     0     0     0     0     0     0     0     0     0     0     0     0     0     0     0     0     0     0     0     0     0     0     0     0     0     0    0     157   0     0     0     0     0     0     0     0     0     0     0     0     0     0     0     0     0     0     0     0     0     0     0     0     0     0     0     0     0     0     141   162   0     0     214   0     102   0     0     0     0     0     0     169   0     0      126   0     197   


   0    0    0    0    0    0    0    0    0    0     0     0     0     0     0     0     0     0     0     0     0     0     0     0     0     0     0     0     0     0     0     0     0     0     0     0     0     0     0     0     0     0     0     0     0     0     0     0     0    0     0     0     0     0     0     0     0     0     0     0     0     0     0     0     0     0     0     0     0     0     0     0     0     258   0     0     0     0     0     0     107   0     0     144   0     0     0     0     155   0     191   268   0     0     0     0     256    0     197   0   
